quantidade,ano,mes
46340,2019,1
44356,2019,2
47317,2019,3
49156,2019,4
51443,2019,5
49068,2019,6
50727,2019,7
50623,2019,8
48911,2019,9
101702,2019,10
49107,2019,11
46717,2019,12
48307,2020,1
44232,2020,2
44661,2020,3
32876,2020,4
33907,2020,5
36278,2020,6
41780,2020,7
41711,2020,8
41155,2020,9
41630,2020,10
43028,2020,11
40974,2020,12
41796,2021,1
40255,2021,2
43045,2021,3
45068,2021,4
49616,2021,5
49946,2021,6
49080,2021,7
48398,2021,8
46150,2021,9
46592,2021,10
48340,2021,11
49058,2021,12
47999,2022,1
46448,2022,2
49268,2022,3
49258,2022,4
52130,2022,5
48562,2022,6
51423,2022,7
54230,2022,8
49918,2022,9
48662,2022,10
47880,2022,11
53551,2022,12
48075,2023,1
45610,2023,2
53192,2023,3
48784,2023,4
52657,2023,5
51718,2023,6
53215,2023,7
55523,2023,8
49742,2023,9
55341,2023,10
52264,2023,11
51827,2023,12
50175,2024,1
49364,2024,2
54444,2024,3
58638,2024,4
59502,2024,5
55884,2024,6
58769,2024,7
59288,2024,8
57731,2024,9
58387,2024,10
53576,2024,11
53957,2024,12

Tipo,Quantidade
SOLICITADOS,3570342
REALIZADOS,3570342
COM_PELO_MENOS_UM,3570342

Descricao,Quantidade
Total de CID únicos (DIAG_PRINC + DIAG_SECUN),8600

Mes,CNES_Unicos
2019-01,230
2019-02,228
2019-03,228
2019-04,227
2019-05,230
2019-06,230
2019-07,232
2019-08,234
2019-09,231
2019-10,231
2019-11,229
2019-12,229
2020-01,230
2020-02,228
2020-03,230
2020-04,229
2020-05,247
2020-06,255
2020-07,261
2020-08,257
2020-09,260
2020-10,255
2020-11,243
2020-12,245
2021-01,248
2021-02,250
2021-03,252
2021-04,256
2021-05,261
2021-06,265
2021-07,261
2021-08,260
2021-09,250
2021-10,251
2021-11,246
2021-12,246
2022-01,245
2022-02,243
2022-03,247
2022-04,246
2022-05,242
2022-06,242
2022-07,244
2022-08,242
2022-09,240
2022-10,241
2022-11,242
2022-12,241
2023-01,241
2023-02,241
2023-03,242
2023-04,242
2023-05,242
2023-06,242
2023-07,243
2023-08,244
2023-09,244
2023-10,244
2023-11,243
2023-12,245
2024-01,246
2024-02,242
2024-03,242
2024-04,242
2024-05,244
2024-06,245
2024-07,245
2024-08,242
2024-09,243
2024-10,245
2024-11,240
2024-12,236

Total de CNES únicos no período completo: 319
Período analisado: 2019-01 a 2024-12
Número de meses: 72

